57452 91710 35124 
47063 26267 96043 
03155 67286 28953 
02293 40712 55660 
39306 65409 47838 
75424 98621 76939 
77396 97322 33234 
23354 33340 86097 
45361 12954 21418 
37813 98591 50818 
70013 23890 67834 
43526 27994 93210 
58633 12160 62522 
40110 72478 01479 
82076 77230 89752 
66376 88947 40849 
91199 60015 34108 
72771 51711 83044 
92315 50353 28394 
76924 89529 49543 
96791 04838 61076 
53033 50283 80188 
42377 61304 45576 
04684 92230 55116 
01318 46917 10566 
88203 58271 59905 
69982 87812 48769 
40173 41052 44925 
79292 05255 81820 
22647 09803 03978 
63451 64561 37492 
27850 85982 04581 
22138 07252 05814 
45213 81588 96769 
21720 42693 44665 
56992 43969 74023 
73782 12705 36899 
24301 56890 20035 
76884 99513 40770 
73042 06648 07445 
19524 48224 86374 
52280 41303 98393 
41921 74699 85254 
79036 25274 31878 
40278 90207 30664 
33558 63302 88464 
82066 63912 20294 
40889 79896 41807 
50381 12813 08283 
92832 13765 06255 
51126 08407 62809 
67500 84741 26370 
46059 31305 60399 
36368 77127 56953 
38444 92733 80151 
39482 81872 09469 
31171 17919 83464 
98011 91987 85888 
14987 49318 68308 
26153 63740 94936 
67496 07741 60166 
75770 15561 66155 
68116 23747 91516 
99900 78544 51897 
10151 05880 24170 
63660 57170 04793 
41431 58622 01409 
96754 37508 25983 
40343 50304 30130 
22347 55363 94644 
47154 94226 05149 
91625 00237 15035 
56759 15957 33826 
45140 71652 36801 
43416 53696 37684 
00407 35425 97208 
11737 20548 30542 
75516 76799 94173 
91607 05517 22823 
67444 86864 66292 
93801 37548 49578 
80733 17507 54908 
67510 77040 43070 
18757 39416 36575 
57468 54034 51788 
52662 51175 58984 
40280 70268 99119 
64712 30684 83445 
41820 85019 95674 
77757 78338 02381 
82254 00494 83827 
76959 33002 13124 
37268 44109 76775 
14834 08367 35490 
91782 03625 11455 
18578 64918 23994 
82641 34446 65072 
92827 90722 86870 
19098 63873 26452 
25854 04803 05305 
